image: myTurtlebotMap.pgm
resolution: 0.500000
origin: [-33.000000, -17.000000, 0.000000]
negate: 0
occupied_thresh: 0.65
free_thresh: 0.196

